3
1
0
8
3
1
2
0
1
15
30
0
20
2
3
6
3
1
2
8
1
1
9
0
4
17
3
2
4
0
0
8
0
8
0
0
0
7
0
0
3
1
7
3
4
5
6
9
0
2
1
1
3
0
5
1
0
3
1
4
0
5
1
14
1
0
2
1
1
4
5
0
1
4
0
1
3
5
5
0
3
0
2
1
0
0
3
1
0
2
4
2
4
2
5
8
4
2
3
0
6
23
2
7
22
58
3
59
19
32
15
14
22
5
25
13
17
33
1
5
40
8
8
1
35
15
2
11
4
24
2
25
5
39
4
4
10
56
5
10
20
3
40
10
12
12
8
9
12
30
28
22
11
10
9
27
11
18
18
20
18
4
17
14
18
14
15
13
38
14
5
16
28
6
1
27
8
8
12
22
3
24
31
28
47
9
9
18
4
10
29
8
40
2
13
5
12
8
8
16
109
64
30
13
57
29
13
18
28
62
22
16
29
22
43
10
23
14
15
39
45
11
27
4
20
6
26
34
7
22
31
48
30
38
6
28
59
10
16
27
33
7
26
14
12
8
47
32
30
22
57
13
108
29
38
28
28
113
5
88
46
12
42
50
23
27
57
39
31
50
15
13
31
35
13
26
6
22
20
12
47
14
15
38
75
23
11
11
53
32
14
14
70
34
17
26
46
23
52
3
18
9
25
27
97
10
34
40
54
49
16
60
14
16
13
18
66
9
24
24
93
62
54
31
54
25
18
12
9
10
11
20
37
21
28
55
59
17
7
67
56
31
8
53
7
113
24
34
39
9
9
26
32
26
27
88
13
32
13
11
13
17
11
98
10
49
37
31
95
22
36
15
48
27
39
15
69
31
9
22
63
102
67
30
5
18
30
12
6
63
34
10
31
77
11
23
7
35
12
26
17
29
61
66
68
49
41
79
42
111
119
52
88
94
37
159
81
30
33
47
33
18
72
11
30
129
25
31
18
72
12
80
70
20
94
42
39
51
58
51
32
99
24
67
79
22
93
23
76
53
25
197
29
28
50
28
30
50
16
54
44
66
35
78
34
86
38
27
40
33
92
33
71
21
137
81
75
25
54
27
23
29
90
86
37
125
47
29
85
33
163
105
22
76
29
52
29
65
25
57
202
55
107
75
44
63
110
75
53
137
89
48
61
133
98
144
52
136
70
171
51
43
211
93
82
51
29
173
239
146
42
52
157
81
98
144
38
68
123
17
101
100
113
98
108
48
94
86
127
108
79
68
74
284
197
63
42
80
93
33
86
269
33
87
111
49
131
98
108
57
139
69
121
67
13
227
90
39
81
53
40
124
126
101
121
143
147
84
57
72
66
39
63
36
146
87
151
104
43
57
177
